Inside WCCUSERS.DAT: first user record

CharMins1 == 0x26F9(int)
CharMins2 == 0x27AD(long)

03 14 A4 03 03 00 00 [D4 06] 3E 00 00 00 13 00 00
00 04 00 00 00 00 00 00 00 00 00 00 00 16 00 00
00 12 00 00 00 00 00 00 00 00 00 00 00 00 00 00
00 00 00 00 00 00 00 00 00 00 00 00 00 00 00 00
00 00 00 00 00 00 00 00 00 00 00 00 00 00 00 00
00 00 00 00 00 00 00 00 00 00 00 00 00 00 00 00
00 00 00 00 00 00 00 00 00 00 00 00 00 00 00 00
00 00 00 00 00 00 00 00 00 00 00 00 00 00 00 00
00 00 00 00 00 00 00 00 00 00 00 00 00 00 00 00
00 00 00 00 00 00 00 00 00 00 00 00 00 00 00 00
00 00 00 00 00 00 00 00 00 00 00 00 00 00 00 01
00 13 00 00 00 00 00 00 00 00 00 [E9 46 00 00]

(CharMins1(int) / 2) + CharMins2(long) == CharLife
or
(0x06D4 / 2) + 0x46E9 == 19027 CharLife minutes
